Scaling 10
image 0
focal length  4.2
rms 2.21289
K
2142    0 1632
   0 2142 1224
   0    0    1
dist 
 0.0757746
-0.0778575
         0
         0
         0
external  -0.0160479    -0.999577   -0.0242709       374.12
   -0.999871    0.0160551 -0.000100444      265.859
 0.000490072    0.0242662    -0.999705      263.186
           0            0            0            1
H:
[0.008992641752450542, -1.290367754098648, 4333.28310429564;
 1.324532747755471, -0.01804598406810442, 1614.46557900673;
 1.038855664900603e-05, 5.220272517580313e-07, 1]
image 1
focal length  4.2
rms 4.50284
K
2142    0 1224
   0 2142 1632
   0    0    1
dist 
 0.0787336
-0.0767047
         0
         0
         0
external    0.99446  0.00894923    0.104736    -276.347
 0.00945244   -0.999946 -0.00430917     365.554
   0.104692  0.00527531   -0.994491     312.248
          0           0           0           1
H:
[1.391654249058305, 0.01746353267943136, 870.8823795597457;
 -0.1856387279066821, 1.506381644737283, 1281.418044403805;
 -4.549439500946517e-05, 1.882630406899901e-06, 0.9999999999999999]
image 2
focal length  4.2
rms 9.92484
K
2142    0 1224
   0 2142 1632
   0    0    1
dist 
 0.123256
-0.109381
        0
        0
        0
external   0.969407  0.00158397    0.245455    -247.559
 0.00128587   -0.999998  0.00137475     361.466
   0.245456 -0.00101707   -0.969407     322.669
          0           0           0           1
H:
[1.352138626881402, -0.004228716312481306, 587.734135204508;
 -0.3772195812335016, 1.526853893789421, 1278.100766415401;
 -9.818020245020901e-05, -1.536567466655117e-06, 1]
